# Thu 23:57:06 27-Jun-2002
begin	agrid
	xrefmean	7.361230103704739E-17
	yrefmean	242.8571397435774
	xmean		0.003230728749028744
	ymean		-1.078005152395751
	geometry	general
	function	polynomial
	xshift		0.002191212415682295
	yshift		-0.8410035095232597
	xmag		6.662615483879386E-4
	ymag		9.758985172541422E-4
	xrotation	359.6545301401655
	yrotation	179.748695764382
	xrms		5.744857169458068E-8
	yrms		2.980683251161258E-8
	surface1	11
			3.	3.
			2.	2.
			2.	2.
			0.	0.
			-368.	-368.
			368.	368.
			74.	74.
			330.	330.
			0.002191212415682295	-0.8410035095232597
			6.662494371509848E-4	4.017257309351939E-6
			4.280361427479678E-6	-9.758891302217087E-4
	surface2	28
			3.	3.
			6.	5.
			4.	6.
			2.	2.
			-368.	-368.
			368.	368.
			74.	74.
			330.	330.
			1.246902877921793E-4	-0.02333318330962953
			-6.529203194184423E-5	-5.861710139546176E-7
			-6.014480148910203E-10	1.358578014959285E-8
			9.627488802019744E-12	4.382727608682780E-14
			-1.681131240053320E-17	7.092516987523023E-16
			-1.404088979284223E-18	1.852496896143535E-4
			-7.618512317140741E-7	2.022468638842207E-9
			2.321649864147268E-7	-3.753284003919671E-11
			-2.478097675171122E-13	8.396344227993280E-17
			1.224395161269333E-14	8.792534781568223E-19
			-6.006067657376417E-20	-3.060586334742896E-7
			1.177499383308245E-9	1.238499358654992E-12
			1.021016645225457E-10	-2.035775334821898E-14
			-1.696851230309662E-16	2.466241353331443E-19
			1.976300919089047E-17	-1.619368388819375E-10
			1.135629762423890E-12	5.640895269308381E-16
			9.372216114968841E-14	-3.837769668514680E-17
			-1.377598417404016E-19	-5.348762661107368E-14
			0.	7.334654669990556E-19
			0.	-7.180183376131270E-17
