# Fri 12:59:38 15-Nov-2002
begin	brgrid
	xrefmean	-2.013191591842763E-15
	yrefmean	1.384977310400452E-13
	xmean		-0.001260768272500811
	ymean		0.04858337100509004
	geometry	general
	function	polynomial
	xshift		-0.001260768272500811
	yshift		0.04858337100509004
	xmag		3.939209906551600E-5
	ymag		3.943886916023633E-5
	xrotation	179.8838678464649
	yrotation	179.880674549275
	xrms		1.618707462453295E-8
	yrms		1.541697049974827E-8
	surface1	11
			3.	3.
			2.	2.
			2.	2.
			0.	0.
			-5080.	-5080.
			5080.	5080.
			-5080.	-5080.
			5080.	5080.
			-0.001260768272500811	0.04858337100509004
			-3.939201814872084E-5	-7.984333581423301E-8
			8.213619705815350E-8	-3.943878363088006E-5
	surface2	50
			3.	3.
			9.	7.
			7.	9.
			2.	2.
			-5080.	-5080.
			5080.	5080.
			-5080.	-5080.
			5080.	5080.
			-5.249247884775040E-7	-4.825096218796708E-4
			-2.355385072777080E-8	-5.141860021136553E-11
			4.197521946566199E-13	9.675365921496315E-16
			2.827547645685282E-15	7.618710786128035E-18
			-4.811634012280048E-21	-2.945100097695614E-23
			-3.399274032024784E-23	-2.304699104554574E-25
			-4.744047765325822E-28	-2.744556819286930E-31
			-1.911850452818173E-30	-2.237019627774491E-8
			1.049901564309752E-36	4.832974776646741E-13
			5.552928623550785E-11	2.830721521217712E-15
			7.465616327768660E-11	-4.359376639583253E-21
			-8.023423248853244E-18	-3.399814458537377E-23
			-1.190937507320426E-20	-3.666248551962775E-28
			1.189253617547356E-25	-1.914629100474860E-30
			1.767353212661336E-28	7.473318255505346E-11
			5.031401221159173E-33	4.774163984832748E-18
			6.627740054792262E-36	-1.078145602226174E-20
			-6.576420655598640E-14	-2.640431084092068E-25
			2.686042991134913E-15	1.324532730258194E-28
			-5.767400439345541E-21	-4.058572068041231E-33
			-6.787248675625074E-23	7.100394991392489E-36
			-1.016922788517659E-27	2.689414240288319E-15
			-5.738592637080687E-30	-4.039127435776760E-21
			3.260625625022089E-36	-6.792439849262200E-23
			-7.787287934505135E-18	-7.766313933841912E-28
			-1.400441411217050E-20	-5.745636831702975E-30
			3.193696785860451E-25	1.306582726676151E-36
			5.397827516852444E-28	-1.048899201595525E-20
			1.200257041915755E-32	-7.220474909413526E-26
			1.622304400096568E-35	2.613469881100212E-28
			-1.008855176955666E-21	-6.257499065131675E-33
			-3.390141643521544E-23	2.152976166181675E-35
			-6.068590045977986E-28	-3.394360774631677E-23
			-5.740542826036660E-30	-4.007653540472760E-28
			3.431291428347191E-36	-5.746821883815823E-30
			2.441386740504972E-25	2.128848758277757E-36
			4.325050075303865E-28	1.312697628921748E-28
			7.022293846951073E-33	-2.287130938679306E-33
			9.798281228328068E-36	2.160653793326971E-35
			-6.322338611892686E-29	-1.915657221395412E-30
			-1.913836130848945E-30	8.799627044704500E-37
			1.203457887918659E-36	7.186906294392906E-36
