 Mirror 2          1       0.     0.      0.    -19.423

 600ZD  3        600     0.145 -0.008    0.99944 -0.182
 900ZD  3        900     0.141  0.008    0.99944 -0.134
1200G   3       1200.06  0.145  0.055    0.99944 -0.181

 600ZD  4        600    -0.065  0.063    0.99931 -0.2
 831G   4        831.90 -0.034  0.060    0.99931 -0.196
 900ZD  4        900    -0.064  0.083    0.99931 -0.277
1200G   4       1200.06 -0.052  0.122    0.99931 -0.294

# 831G   3        831.90    ?      ?      0.99944    ?  
# 600ZD  4        600       ?      ?      0.99931    ?
