# Wed 11:55:56 05-Mar-2003
begin	amf2grid
	xrefmean	7.361230103704739E-17
	yrefmean	161.6326446153864
	xmean		6.418332038332015E-4
	ymean		-1.019877577078479
	geometry	general
	function	polynomial
	xshift		2.698025147260141E-4
	yshift		-0.8706943782621319
	xmag		6.486075290980062E-4
	ymag		9.229797795657255E-4
	xrotation	359.744054780508
	yrotation	179.8571169922811
	xrms		5.125665768862460E-8
	yrms		2.936285528193107E-8
	surface1	11
			3.	3.
			2.	2.
			2.	2.
			0.	0.
			-368.	-368.
			368.	368.
			74.	74.
			330.	330.
			2.698025147260141E-4	-0.8706943782621319
			6.486010576711399E-4	2.897376485656302E-6
			2.301705141263108E-6	-9.229769095923462E-4
	surface2	28
			3.	3.
			6.	5.
			4.	6.
			2.	2.
			-368.	-368.
			368.	368.
			74.	74.
			330.	330.
			5.517797676418378E-5	-0.009625625451522262
			-4.293728276445228E-5	-3.531049661635187E-7
			-7.320868042953289E-10	1.373382407605296E-8
			9.480736690440064E-12	2.347238586817620E-14
			-2.200735889598821E-17	7.041415369572384E-16
			-1.373100799078187E-18	1.200239448910238E-4
			-2.682746218072780E-7	1.911186167818529E-9
			2.363224342391271E-7	-3.697967123703138E-11
			-4.452466256935224E-13	9.847144711386782E-17
			1.387267242375973E-14	9.815051200073204E-19
			-5.986706181640037E-20	-3.171812775062146E-7
			7.635058341371625E-10	1.273126210476029E-12
			1.152854481429037E-10	-2.564569592629974E-14
			-3.237113282726838E-16	1.997555573572520E-19
			1.715168648411940E-17	-1.646288784008577E-10
			5.709022532137806E-13	5.535744287934242E-16
			8.307658210160305E-14	-3.236319574534701E-17
			-2.423025617033021E-19	-6.959283901648582E-14
			0.	9.147425690234321E-19
			0.	-6.291161422024450E-17
