# Mon 11:40:01 03-Mar-2003
begin	amf4grid
	xrefmean	7.361230103704739E-17
	yrefmean	161.6326446153864
	xmean		0.001621797979797981
	ymean		-1.019867710489511
	geometry	general
	function	polynomial
	xshift		9.505792590924531E-4
	yshift		-0.8706872513565755
	xmag		6.486081673499539E-4
	ymag		9.229693018536142E-4
	xrotation	359.5657980322422
	yrotation	179.7422065829938
	xrms		5.224699026102016E-8
	yrms		2.947898456919567E-8
	surface1	11
			3.	3.
			2.	2.
			2.	2.
			0.	0.
			-368.	-368.
			368.	368.
			74.	74.
			330.	330.
			9.505792590924531E-4	-0.8706872513565755
			6.485895426772846E-4	4.915270362531607E-6
			4.152742302167544E-6	-9.229599595299461E-4
	surface2	28
			3.	3.
			6.	5.
			4.	6.
			2.	2.
			-368.	-368.
			368.	368.
			74.	74.
			330.	330.
			9.190084615429938E-5	-0.009624990952891707
			-4.293516361258167E-5	-5.770031385810099E-7
			-1.150250191491356E-9	1.372909189660302E-8
			9.482524612161508E-12	4.167407186257566E-14
			-3.219437723475874E-17	7.048040881278785E-16
			-1.378804383629161E-18	1.200164316694156E-4
			-4.904167024645274E-7	3.125920677894413E-9
			2.363079106764963E-7	-3.699191787732907E-11
			-6.832275419721868E-13	1.706757023120527E-16
			1.387400401120743E-14	9.756549161693511E-19
			-1.124971322228795E-19	-3.171195030552812E-7
			1.373990308169938E-9	2.043231094738532E-12
			1.152991069092314E-10	-2.560396433316393E-14
			-4.094835397664160E-16	2.964943200667604E-19
			1.715699575732760E-17	-1.649468053141837E-10
			1.028550684517302E-12	9.943204617910815E-16
			8.302282749766122E-14	-3.245000099929918E-17
			-5.122360453530612E-19	-6.860868797109747E-14
			0.	1.295941662146570E-18
			0.	-6.406176603633165E-17
