
        OBJNO             RA            DEC           MAGR         SLITPA        TOPDIST        BOTDIST
            J              E              E              E              E              E              E
                                                                                                       
         4787   2.143544E+02   5.202172E+01   2.328725E+01   0.000000E+00   3.745281E+00   5.404358E+00
         5091   2.143339E+02   5.202039E+01   2.291403E+01  -1.127754E+01   2.205910E+00   0.000000E+00
        11382   2.143897E+02   5.202840E+01   2.428144E+01   3.000000E+01   6.650800E+00   4.575883E+00
        11414   2.143797E+02   5.207248E+01   2.353403E+01  -3.000000E+01   3.792281E+00   2.720759E+00
        11447   2.144092E+02   5.203627E+01   2.429305E+01   0.000000E+00   6.799756E+00   3.612195E+00
        11482   2.143910E+02   5.203221E+01   2.302111E+01   0.000000E+00   2.283823E+00   6.582110E+00
        11486   2.143965E+02   5.207673E+01   2.305245E+01  -3.000000E+01   7.246564E+00   3.299845E+00
        11515   2.143725E+02   5.204622E+01   2.280967E+01   0.000000E+00   4.036943E+00   2.737826E+00
        11780   2.143265E+02   5.207078E+01   2.267583E+01   0.000000E+00   2.890386E+00   3.434675E+00
        11842   2.143287E+02   5.206844E+01   2.403154E+01   3.341510E+00   4.469866E+00   8.919775E+00
        11867   2.143308E+02   5.205405E+01   2.398040E+01  -5.179099E+00   1.690091E+00   4.397929E+00
        11923   2.143445E+02   5.206373E+01   2.350236E+01   0.000000E+00   7.554101E+00   2.840040E+00
        11929   2.143238E+02   5.205735E+01   2.312530E+01   0.000000E+00   3.148919E+00   3.594430E+00
        11950   2.143675E+02   5.202563E+01   2.177959E+01   0.000000E+00   4.880477E+00   2.961748E+00
        11961   2.143318E+02   5.207483E+01   2.204008E+01   0.000000E+00   3.025411E+00   4.180924E+00
        11989   2.143243E+02   5.205116E+01   2.307977E+01   0.000000E+00   5.511617E+00   4.261108E+00
        12043   2.143611E+02   5.205513E+01   2.283246E+01   1.300472E+01   3.884390E+00   1.723789E+00
        12048   2.143165E+02   5.204441E+01   2.371582E+01   2.541732E+01   3.299039E+00   2.978028E+00
        12051   2.143588E+02   5.204271E+01   2.291837E+01   0.000000E+00   2.646850E+00   4.027173E+00
        12063   2.143462E+02   5.202392E+01   2.307706E+01   0.000000E+00   2.704328E+00   3.678608E+00
        12077   2.143115E+02   5.206200E+01   2.353011E+01   3.000000E+01   2.880968E+00   4.213411E+00
        12081   2.143315E+02   5.205940E+01   2.186489E+01   0.000000E+00   4.638700E+00   3.739386E+00
        12093   2.143257E+02   5.204878E+01   2.327271E+01  -1.047377E+01   3.794495E+00   4.664106E+00
        12104   2.143225E+02   5.204033E+01   2.236316E+01   0.000000E+00   4.042163E+00   7.298327E+00
        12112   2.143564E+02   5.203384E+01   2.320645E+01   0.000000E+00   4.621936E+00   3.093863E+00
        17979   2.143825E+02   5.213337E+01   2.386533E+01   0.000000E+00   2.834956E+00   3.649021E+00
        17985   2.143919E+02   5.212825E+01   2.406665E+01   0.000000E+00   2.050262E+00   3.043542E+00
        18041   2.143771E+02   5.212523E+01   2.341034E+01   0.000000E+00   1.829072E+00   1.624218E+00
        18084   2.143783E+02   5.213121E+01   2.275944E+01   0.000000E+00   3.596341E+00   1.786441E+00
        18114   2.143850E+02   5.210165E+01   2.350013E+01   2.166132E+01   1.196407E+01   2.497717E+00
        18261   2.143821E+02   5.212641E+01   2.326785E+01   3.000000E+01   3.061988E+00   1.914397E+00
        18271   2.143905E+02   5.211568E+01   2.298859E+01   0.000000E+00   5.226012E+00   2.436664E+00
        18426   2.143607E+02   5.210012E+01   2.332063E+01   0.000000E+00   2.509180E+00   3.570611E+00
        18438   2.143263E+02   5.208714E+01   2.386169E+01   0.000000E+00   1.944222E+00   1.472888E+00
        18528   2.143594E+02   5.211864E+01   2.320855E+01   0.000000E+00   5.364150E+00   4.916994E+00
        18557   2.143343E+02   5.211433E+01   2.433245E+01   0.000000E+00   1.938519E+00   2.646417E+00
        18568   2.143636E+02   5.209809E+01   2.329819E+01   0.000000E+00   3.235298E+00   1.727464E+00
        18579   2.143580E+02   5.208221E+01   2.341805E+01  -1.638857E+00   6.370467E+00   2.642425E+00
        18701   2.143704E+02   5.212416E+01   2.266610E+01  -3.000000E+01   1.720997E+00   3.870821E+00
        18765   2.143454E+02   5.210831E+01   2.358278E+01   0.000000E+00   3.728279E+00   1.152733E+01
        18775   2.143627E+02   5.209700E+01   2.286320E+01   0.000000E+00   1.700149E+00   1.533087E+01
        18783   2.143581E+02   5.208836E+01   2.319953E+01   0.000000E+00   1.526044E+01   1.950309E+00
        18809   2.143429E+02   5.212952E+01   2.174823E+01   0.000000E+00   3.797238E+00   2.050262E+00
        18838   2.143482E+02   5.213504E+01   2.395931E+01   0.000000E+00   2.732689E+00   2.680059E+00
        18855   2.143407E+02   5.212183E+01   2.362673E+01  -3.000000E+01   4.047453E+00   5.616563E+00
        18866   2.143424E+02   5.211259E+01   2.205927E+01   0.000000E+00   3.102057E+00   3.368356E+00
        18869   2.143619E+02   5.211059E+01   2.322103E+01   3.000000E+01   3.327689E+00   3.984001E+00
        18906   2.143264E+02   5.208593E+01   2.170862E+01   7.446367E-01   2.394178E+00   6.491655E+00
        18914   2.143564E+02   5.208074E+01   2.287121E+01   0.000000E+00   2.158478E+00   6.714190E+00
        24987   2.143825E+02   5.218654E+01   2.379832E+01   0.000000E+00   3.049266E+00   2.336770E+00
        24992   2.143770E+02   5.218070E+01   2.351892E+01   0.000000E+00   1.576477E+00   2.273620E+00
        25074   2.143782E+02   5.216291E+01   2.353681E+01   1.436921E+01   3.622164E+00   3.388386E+00
        25078   2.144089E+02   5.215577E+01   2.408563E+01   0.000000E+00   2.302976E+00   4.229167E+00
        25096   2.143833E+02   5.217951E+01   2.215845E+01   0.000000E+00   1.511048E+00   1.825592E+00
        25104   2.143793E+02   5.216905E+01   2.402317E+01   0.000000E+00   1.892334E+00   1.624880E+00
        25132   2.143777E+02   5.219134E+01   2.233462E+01   0.000000E+00   2.667388E+00   5.725253E+00
        25187   2.143820E+02   5.216488E+01   2.232548E+01   0.000000E+00   2.663592E+00   2.964018E+00
        25212   2.144163E+02   5.213669E+01   2.417219E+01   0.000000E+00   1.991849E+00   2.713661E+00
        25328   2.143284E+02   5.217832E+01   2.353800E+01   0.000000E+00   1.959076E+00   2.189336E+00
        25418   2.143097E+02   5.216642E+01   2.278800E+01   0.000000E+00   1.779519E+00   2.384503E+00
        25439   2.143321E+02   5.215028E+01   2.378075E+01   0.000000E+00   5.422788E+00   3.722880E+00
        25515   2.143116E+02   5.214524E+01   2.478995E+01  -2.924001E+01   4.726940E+00   2.960721E+00
        25525   2.143167E+02   5.213799E+01   2.340621E+01   9.663354E+00   2.127555E+00   2.191074E+00
        25527   2.143698E+02   5.219310E+01   2.321866E+01  -1.415491E+01   3.358893E+00   3.149751E+00
        25533   2.143695E+02   5.218829E+01   2.280803E+01   0.000000E+00   4.761075E+00   2.740407E+00
        25554   2.143540E+02   5.217691E+01   2.376876E+01  -3.000000E+01   2.364375E+00   7.252799E+00
        25583   2.143385E+02   5.215841E+01   2.311283E+01   0.000000E+00   4.372297E+00   1.855536E+00
        25657   2.143516E+02   5.215714E+01   2.354926E+01   3.000000E+01   2.231256E+00   2.113406E+00
        25702   2.143405E+02   5.217024E+01   2.347706E+01   2.435323E+01   4.856001E+00   1.892334E+00
        25717   2.143087E+02   5.215339E+01   2.343148E+01   3.000000E+01   3.853902E+00   5.255802E+00
        25726   2.143432E+02   5.214806E+01   2.371012E+01  -3.000000E+01   3.769674E+00   4.949146E+00
        25757   2.143331E+02   5.218508E+01   2.175825E+01   0.000000E+00   2.422934E+00   5.554110E+00
        25759   2.143439E+02   5.218171E+01   2.337536E+01  -7.850496E+00   6.072050E+00   1.576477E+00
        25767   2.143504E+02   5.216776E+01   2.175403E+01   1.270963E+01   2.516844E+00   2.568199E+00
        25772   2.143461E+02   5.216109E+01   2.370711E+01   0.000000E+00   2.648480E+00   4.768206E+00
        25811   2.143397E+02   5.217274E+01   2.214055E+01   0.000000E+00   7.257272E+00   3.652787E+00
        25845   2.143315E+02   5.214342E+01   2.357880E+01  -3.000000E+01   3.089877E+00   7.115899E+00
        25849   2.143636E+02   5.213931E+01   2.252966E+01   0.000000E+00   7.160712E+00   2.137765E+00
        32068   2.143793E+02   5.221188E+01   2.443986E+01   0.000000E+00   2.700017E+00   3.001009E+00
        32135   2.143820E+02   5.221613E+01   2.409346E+01   0.000000E+00   4.836747E+00   2.807787E+00
        32219   2.144079E+02   5.222396E+01   2.466814E+01   0.000000E+00   2.487020E+00   2.183920E+00
        32282   2.143844E+02   5.221396E+01   2.229755E+01   0.000000E+00   4.506239E+00   4.270686E+00
        32378   2.144062E+02   5.223228E+01   2.373264E+01  -2.089289E+01   3.506485E+00   3.627036E+00
        32469   2.143656E+02   5.222718E+01   2.395208E+01   0.000000E+00   2.706404E+00   2.365040E+00
        32505   2.143272E+02   5.225043E+01   2.229248E+01   0.000000E+00   7.178514E+00   4.668579E+00
        32609   2.143518E+02   5.220333E+01   2.424453E+01   0.000000E+00   5.916578E+00   6.254983E+00
        32654   2.143331E+02   5.223437E+01   2.258747E+01   0.000000E+00   2.673538E+00   3.505417E+00
        32766   2.143621E+02   5.219973E+01   2.336856E+01   0.000000E+00   6.236350E+00   3.705673E+00
        32829   2.143113E+02   5.224598E+01   2.328252E+01   0.000000E+00   6.357727E+00   2.136567E+00
        32835   2.143324E+02   5.224229E+01   2.405598E+01   2.317724E+01   4.310321E+00   2.849427E+00
        32844   2.143408E+02   5.223589E+01   2.290611E+01   0.000000E+00   2.844928E+00   2.278428E+00
        32855   2.143438E+02   5.222897E+01   2.399840E+01  -2.575768E+01   2.182440E+00   3.220598E+00
        32860   2.143461E+02   5.222567E+01   2.225724E+01   0.000000E+00   2.586926E+00   3.137858E+00
        32867   2.143355E+02   5.221908E+01   2.350636E+01   2.767054E+01   5.767681E+00   5.278792E+00
        32882   2.143384E+02   5.220684E+01   2.328188E+01   2.945340E+01   5.229398E+00   6.203967E+00
        32898   2.143377E+02   5.219737E+01   2.241078E+01  -3.000000E+01   4.281266E+00   2.974405E+00
        32904   2.143376E+02   5.220998E+01   2.342116E+01  -2.965613E+01   3.365446E+00   5.559054E+00
        32917   2.143302E+02   5.223016E+01   2.266461E+01   2.424658E+01   3.535928E+00   1.602228E+00
        32923   2.143268E+02   5.222241E+01   2.276648E+01   0.000000E+00   2.905374E+00   5.734882E+00
        32950   2.143601E+02   5.224468E+01   2.269545E+01   0.000000E+00   2.018889E+00   3.800214E+00
        32955   2.143607E+02   5.224070E+01   2.257433E+01   0.000000E+00   2.363464E+00   4.730158E+00
        32961   2.143285E+02   5.223778E+01   2.269147E+01   0.000000E+00   5.302984E+00   3.466596E+00
        33019   2.143378E+02   5.219523E+01   2.199006E+01  -4.894490E+00   4.229758E+00   3.817803E+00
        39567   2.143973E+02   5.226025E+01   2.359536E+01   0.000000E+00   3.708293E+00   2.888083E+00
        39880   2.143687E+02   5.225859E+01   2.381090E+01   0.000000E+00   2.585732E+00   4.292829E+00
        40144   2.143272E+02   5.227128E+01   2.305179E+01   0.000000E+00   1.834866E+00   3.428047E+00
        40170   2.143497E+02   5.225461E+01   2.253910E+01   0.000000E+00   1.645966E+00   7.386488E+00
        40272   2.143654E+02   5.227879E+01   2.344778E+01   0.000000E+00   1.432281E+00   3.119234E+00
        40280   2.143660E+02   5.227571E+01   2.397118E+01   0.000000E+00   1.755001E+00   1.938453E+00
        40285   2.143289E+02   5.227248E+01   2.212495E+01   0.000000E+00   3.180600E+00   1.977268E+00
        40297   2.143203E+02   5.226239E+01   2.293295E+01   0.000000E+00   2.189118E+00   3.495869E+00
        40304   2.143444E+02   5.225581E+01   2.270016E+01  -2.727098E+01   5.190997E+00   2.179901E+00
        40366   2.143633E+02   5.228415E+01   2.327263E+01   0.000000E+00   5.088501E+00   1.735633E+00
        40370   2.143276E+02   5.228293E+01   2.419037E+01   0.000000E+00   2.131432E+00   4.299179E+00
        40376   2.143366E+02   5.227972E+01   2.137804E+01  -2.626746E+01   6.750198E+00   1.432281E+00
        40379   2.143443E+02   5.227684E+01   2.248291E+01   0.000000E+00   3.384550E+00   1.809941E+00
        40381   2.143365E+02   5.227441E+01   2.329499E+01  -3.000000E+01   2.258202E+00   3.268252E+00
        40386   2.143490E+02   5.226912E+01   2.347969E+01  -3.000000E+01   3.844780E+00   6.585279E+00
        40393   2.143570E+02   5.226553E+01   2.309843E+01  -3.000000E+01   5.864856E+00   2.585540E+00
        40395   2.143235E+02   5.226382E+01   2.175091E+01   0.000000E+00   3.039338E+00   2.488189E+00
        32943   2.143609E+02   5.224844E+01   2.027784E+01   0.000000E+00   1.500000E+00   1.500000E+00
