
        OBJNO                   RA                  DEC           MAGR         SLITPA        TOPDIST        BOTDIST
            J                    D                    D              E              E              E              E
                                                                                                                   
      3102578   3.516843566895E+02  -9.996508806944E-02   2.282935E+01   1.640445E+00   4.214709E+00   6.724731E+01
      3102726   3.516926574707E+02  -9.760795533657E-02   2.274203E+01   0.000000E+00   2.125662E+00   3.524305E+00
      3102378   3.516978149414E+02  -9.611419588327E-02   2.214293E+01   3.000000E+01   3.601377E+00   2.614115E+00
      3102723   3.516901550293E+02  -9.419088065624E-02   2.202936E+01   0.000000E+00   2.580576E+00   3.030672E+00
      3102681   3.516865234375E+02  -9.261846542358E-02   2.362724E+01   3.000000E+01   5.673889E+00   2.681204E+00
      3102718   3.516867370605E+02  -8.922606706619E-02   2.282803E+01   0.000000E+00   3.832474E+00   6.027680E+00
      3102720   3.516827392578E+02  -9.111357480288E-02   2.320160E+01   3.000000E+01   3.564358E+00   4.261611E+00
      3102366   3.517085571289E+02  -8.465333282948E-02   2.359868E+01   0.000000E+00   1.422989E+00   3.284854E+00
      3102678   3.516943664551E+02  -8.381211757660E-02   1.909320E+01   0.000000E+00   2.289456E+00   1.422989E+00
      3102604   3.516906433105E+02  -8.244894444942E-02   2.292117E+01   0.000000E+00   3.639315E+00   2.208133E+00
      3102706   3.516864318848E+02  -8.024137467146E-02   2.210050E+01   0.000000E+00   4.881687E+00   3.909544E+00
      3102331   3.517115173340E+02  -7.727876305580E-02   2.269963E+01   0.000000E+00   2.735255E+00   4.741940E+00
      3102357   3.517021484375E+02  -7.548621296883E-02   2.256713E+01   1.191079E+01   2.592671E+00   3.401921E+00
      3102355   3.517071838379E+02  -7.394108176231E-02   2.130875E+01   0.000000E+00   7.024462E+00   2.375225E+00
      3102351   3.517141723633E+02  -6.982494145632E-02   2.187804E+01   0.000000E+00   1.540909E+00   7.184553E+00
      3102350   3.517117309570E+02  -6.884193420410E-02   2.201046E+01   0.000000E+00   7.392221E+00   1.540909E+00
      3102514   3.516684265137E+02  -6.479562819004E-02   2.397876E+01   0.000000E+00   2.098590E+00   7.565725E+00
      3102688   3.516904602051E+02  -6.326322257519E-02   2.377002E+01   0.000000E+00   3.674446E+00   2.417157E+00
      3102660   3.516960144043E+02  -6.113282218575E-02   2.386466E+01   0.000000E+00   1.997279E+00   3.386284E+00
      3107714   3.517214355469E+02  -5.978722125292E-02   2.075121E+01   0.000000E+00   1.733337E+00   1.956853E+00
      3107712   3.517081604004E+02  -5.873779579997E-02   2.230412E+01   0.000000E+00   7.322783E+00   1.733337E+00
      3107668   3.517099914551E+02  -5.450679734349E-02   2.357117E+01   0.000000E+00   4.387917E+00   7.389771E+00
      3107708   3.517069091797E+02  -5.217926204205E-02   2.264364E+01   0.000000E+00   1.656372E+00   3.537971E+00
      3107780   3.517153625488E+02  -5.108979716897E-02   2.197495E+01   0.000000E+00   5.242435E+00   1.656372E+00
      3107772   3.517277526855E+02  -4.799861460924E-02   2.295270E+01  -3.037158E+00   3.689678E+00   5.261487E+00
      3107900   3.516935119629E+02  -4.630243778229E-02   2.371040E+01   0.000000E+00   1.776753E+00   2.342655E+00
      3108142   3.516933593750E+02  -4.488334059715E-02   2.276863E+01   0.000000E+00   1.991684E+00   2.831127E+00
      3107764   3.517277526855E+02  -4.352565482259E-02   2.117239E+01   0.000000E+00   7.756042E+00   1.991684E+00
      3107760   3.517039489746E+02  -3.919607773423E-02   2.133999E+01   2.911784E+01   2.960281E+00   7.588792E+00
      3107703   3.516976623535E+02  -3.762368857861E-02   2.394069E+01   0.000000E+00   3.585665E+00   2.274750E+00
      3108184   3.516937561035E+02  -3.533479571342E-02   2.367099E+01   0.000000E+00   3.426166E+00   4.197783E+00
      3108235   3.516692504883E+02  -3.350074589252E-02   2.112258E+01   0.000000E+00   4.369905E+00   3.000256E+00
      3107748   3.517052001953E+02  -3.073557652533E-02   2.373842E+01   0.000000E+00   2.478230E+00   4.629439E+00
      3107745   3.517001342773E+02  -2.938121929765E-02   2.424220E+01   0.000000E+00   5.360103E+00   1.946865E+00
      3108224   3.516943664551E+02  -2.620919421315E-02   2.326780E+01  -3.000000E+01   4.642612E+00   5.610997E+00
      3107739   3.517246093750E+02  -2.332160994411E-02   2.399577E+01  -3.000000E+01   2.752843E+00   5.011243E+00
      3107574   3.517002868652E+02  -2.185415662825E-02   2.328585E+01   0.000000E+00   2.502414E+00   2.208720E+00
      3108159   3.516832580566E+02  -2.012043632567E-02   2.286305E+01   0.000000E+00   3.317807E+00   3.385266E+00
      3107596   3.516977233887E+02  -1.828937232494E-02   2.268264E+01   0.000000E+00   4.619071E+00   2.642368E+00
      3107959   3.516883239746E+02  -1.551382336766E-02   2.394659E+01   3.000000E+01   3.622025E+00   4.937492E+00
      3107625   3.517145996094E+02  -1.334604714066E-02   2.382464E+01  -3.000000E+01   2.116594E+00   3.506637E+00
      3107725   3.517082824707E+02  -1.217585429549E-02   2.202737E+01   0.000000E+00   3.986409E+00   1.631453E+00
      3107685   3.517170715332E+02  -9.626415558159E-03   2.221313E+01   0.000000E+00   2.228788E+00   4.650279E+00
      3107621   3.516980590820E+02  -8.479437790811E-03   2.368459E+01   0.000000E+00   1.589217E+00   1.494448E+00
      3107994   3.516896667480E+02  -7.404244504869E-03   2.417548E+01   0.000000E+00   1.662521E+00   1.824731E+00
      3107438   3.517180480957E+02  -6.364446599036E-03   2.347343E+01   0.000000E+00   3.497679E+00   1.445572E+00
      3107435   3.517191467285E+02  -4.254591651261E-03   2.418890E+01   0.000000E+00   2.494240E+00   3.598192E+00
      3107716   3.517056579590E+02  -2.707110950723E-03   2.271926E+01   0.000000E+00   1.142389E+01   2.626049E+00
      3114424   3.517158813477E+02   3.808708395809E-03   2.126175E+01   0.000000E+00   2.440693E+00   1.150712E+01
      3114492   3.517085266113E+02   5.626702215523E-03   2.128055E+01   0.000000E+00   3.186827E+00   3.619953E+00
      3115004   3.516972961426E+02   7.360956631601E-03   2.351501E+01   1.731300E+01   1.376447E+00   2.574951E+00
      3114490   3.517137451172E+02   8.271540515125E-03   2.328135E+01  -1.592333E+01   2.339611E+00   1.376447E+00
      3114488   3.517215881348E+02   9.711812250316E-03   2.312469E+01   0.000000E+00   1.693225E+00   2.339611E+00
      3114701   3.516763610840E+02   1.077894307673E-02   2.179622E+01   0.000000E+00   2.712085E+00   1.693225E+00
      3114835   3.516933593750E+02   1.247633900493E-02   2.292978E+01   3.000000E+01   8.679148E+00   2.874301E+00
      3102659   3.516767272949E+02  -6.019918248057E-02   2.102208E+01   0.000000E+00   0.000000E+00   0.000000E+00
      3107741   3.517137451172E+02  -2.624609880149E-02   2.449102E+01   0.000000E+00   0.000000E+00   0.000000E+00
      3102658   3.516853027344E+02  -8.384644985199E-02   2.200235E+01   0.000000E+00   0.000000E+00   0.000000E+00
      3102636   3.516872253418E+02  -8.255115896463E-02   2.315957E+01   0.000000E+00   0.000000E+00   0.000000E+00
      3102632   3.516949462891E+02  -7.962013781071E-02   2.347308E+01   0.000000E+00   0.000000E+00   0.000000E+00
      3102613   3.516808166504E+02  -6.032004207373E-02   2.265124E+01   0.000000E+00   0.000000E+00   0.000000E+00
      3107768   3.517088928223E+02  -4.476618394256E-02   2.341293E+01   0.000000E+00   0.000000E+00   0.000000E+00
      3102574   3.516898498535E+02  -9.571071714163E-02   2.353229E+01   0.000000E+00   0.000000E+00   0.000000E+00
      3102513   3.516778564453E+02  -6.191330775619E-02   2.360120E+01   0.000000E+00   0.000000E+00   0.000000E+00
      3102546   3.516760864258E+02  -6.143737956882E-02   2.293582E+01   0.000000E+00   0.000000E+00   0.000000E+00
      3102693   3.516865234375E+02  -7.016043365002E-02   2.269605E+01   0.000000E+00   0.000000E+00   0.000000E+00
      3108122   3.516920776367E+02  -2.309076488018E-02   2.379839E+01   0.000000E+00   0.000000E+00   0.000000E+00
      3107537   3.517107849121E+02  -3.823333606124E-02   2.285442E+01   0.000000E+00   0.000000E+00   0.000000E+00
      3107653   3.517060546875E+02  -4.444511979818E-02   2.351587E+01   0.000000E+00   0.000000E+00   0.000000E+00
      3102362   3.517142639160E+02  -8.211451768875E-02   2.179149E+01   0.000000E+00   0.000000E+00   0.000000E+00
      3108207   3.516914367676E+02  -1.242794934660E-02   2.365637E+01   0.000000E+00   0.000000E+00   0.000000E+00
      3108218   3.516899719238E+02  -2.177064865828E-02   2.261138E+01   0.000000E+00   0.000000E+00   0.000000E+00
      3102680   3.516916809082E+02  -9.095899015665E-02   2.368048E+01   0.000000E+00   0.000000E+00   0.000000E+00
      3108231   3.516912231445E+02  -3.037744574249E-02   2.294158E+01   0.000000E+00   0.000000E+00   0.000000E+00
      3102201   3.517183227539E+02  -6.242907047272E-02   2.468048E+01   0.000000E+00   0.000000E+00   0.000000E+00
      3107724   3.517002563477E+02  -1.046531274915E-02   2.273466E+01   0.000000E+00   0.000000E+00   0.000000E+00
      3102275   3.517023620605E+02  -6.080776453018E-02   2.350979E+01   0.000000E+00   0.000000E+00   0.000000E+00
      3114127   3.517142333984E+02   5.066948384047E-02   2.322014E+01   0.000000E+00   0.000000E+00   0.000000E+00
      3114191   3.517152404785E+02   3.658443689346E-02   2.412992E+01   0.000000E+00   0.000000E+00   0.000000E+00
      3114206   3.517037963867E+02   3.035642392933E-02   2.379419E+01   0.000000E+00   0.000000E+00   0.000000E+00
      3107629   3.517069396973E+02  -1.806572638452E-02   2.437727E+01   0.000000E+00   0.000000E+00   0.000000E+00
      3107582   3.517073669434E+02  -3.517738310620E-03   2.403206E+01   0.000000E+00   0.000000E+00   0.000000E+00
      3114297   3.517049865723E+02   1.009892113507E-02   2.282675E+01   0.000000E+00   0.000000E+00   0.000000E+00
      3114302   3.517134094238E+02   4.818086046726E-03   2.256293E+01   0.000000E+00   0.000000E+00   0.000000E+00
      3114311   3.517052307129E+02   5.132143199444E-02   2.421206E+01   0.000000E+00   0.000000E+00   0.000000E+00
      3114330   3.517214965820E+02   3.421632573009E-02   2.353118E+01   0.000000E+00   0.000000E+00   0.000000E+00
      3114358   3.517032470703E+02   1.085473969579E-02   2.292072E+01   0.000000E+00   0.000000E+00   0.000000E+00
      3128140   3.516846923828E+02   1.171816885471E-01   2.327271E+01   0.000000E+00   0.000000E+00   0.000000E+00
      3128103   3.516758422852E+02   1.437657326460E-01   2.121246E+01   0.000000E+00   0.000000E+00   0.000000E+00
      3114394   3.517180786133E+02   4.002409055829E-02   2.439369E+01   0.000000E+00   0.000000E+00   0.000000E+00
      3107575   3.517026977539E+02  -2.300535328686E-02   2.327250E+01   0.000000E+00   0.000000E+00   0.000000E+00
      3102370   3.517026672363E+02  -8.897425979376E-02   2.349620E+01   0.000000E+00   0.000000E+00   0.000000E+00
      3128000   3.516903381348E+02   1.390742361546E-01   2.380060E+01   0.000000E+00   0.000000E+00   0.000000E+00
      3127998   3.516805114746E+02   1.476427912712E-01   2.311571E+01   0.000000E+00   0.000000E+00   0.000000E+00
      3127966   3.516967773438E+02   1.289266198874E-01   2.410198E+01   0.000000E+00   0.000000E+00   0.000000E+00
      3127916   3.516878662109E+02   1.289723813534E-01   2.220878E+01   0.000000E+00   0.000000E+00   0.000000E+00
      3102143   3.517103881836E+02  -7.726022601128E-02   2.324778E+01   0.000000E+00   0.000000E+00   0.000000E+00
      3120993   3.517073364258E+02   7.675200700760E-02   2.248996E+01   0.000000E+00   0.000000E+00   0.000000E+00
      3114461   3.517051086426E+02   3.053734637797E-02   2.324022E+01   0.000000E+00   0.000000E+00   0.000000E+00
      3121008   3.517120666504E+02   6.275644153357E-02   2.312328E+01   0.000000E+00   0.000000E+00   0.000000E+00
      3114482   3.517157592773E+02   1.327523123473E-02   2.270564E+01   0.000000E+00   0.000000E+00   0.000000E+00
      3114487   3.517159118652E+02   9.947157464921E-03   2.350055E+01   0.000000E+00   0.000000E+00   0.000000E+00
      3120961   3.516989135742E+02   1.035935431719E-01   2.147567E+01   0.000000E+00   0.000000E+00   0.000000E+00
      3114489   3.517261657715E+02   9.222392924130E-03   2.336700E+01   0.000000E+00   0.000000E+00   0.000000E+00
      3120951   3.516985778809E+02   5.853070318699E-02   2.355282E+01   0.000000E+00   0.000000E+00   0.000000E+00
      3127188   3.517106933594E+02   1.282831132412E-01   2.324833E+01   0.000000E+00   0.000000E+00   0.000000E+00
      3121443   3.516891479492E+02   7.766883075237E-02   2.333688E+01   0.000000E+00   0.000000E+00   0.000000E+00
      3114820   3.516950683594E+02   3.077189624310E-02   2.348118E+01   0.000000E+00   0.000000E+00   0.000000E+00
      3121521   3.516922607422E+02   5.635591968894E-02   2.310399E+01   0.000000E+00   0.000000E+00   0.000000E+00
      3114887   3.516829528809E+02   1.065330486745E-02   2.340383E+01   0.000000E+00   0.000000E+00   0.000000E+00
      3127711   3.516916809082E+02   1.390659213066E-01   2.387793E+01   0.000000E+00   0.000000E+00   0.000000E+00
      3114914   3.516971435547E+02   4.019831120968E-02   2.376502E+01   0.000000E+00   0.000000E+00   0.000000E+00
      3127401   3.517048034668E+02   1.331543177366E-01   2.313015E+01   0.000000E+00   0.000000E+00   0.000000E+00
      3127597   3.516994628906E+02   1.131274998188E-01   2.151391E+01   0.000000E+00   0.000000E+00   0.000000E+00
      3127588   3.516977844238E+02   1.182342395186E-01   2.333920E+01   0.000000E+00   0.000000E+00   0.000000E+00
      3127381   3.517041320801E+02   1.280502080917E-01   2.333817E+01   0.000000E+00   0.000000E+00   0.000000E+00
      3120803   3.517106018066E+02   5.738971382380E-02   2.224248E+01   0.000000E+00   0.000000E+00   0.000000E+00
      3115009   3.516901855469E+02   5.035675596446E-03   2.300886E+01   0.000000E+00   0.000000E+00   0.000000E+00
      3127581   3.517107849121E+02   1.230807974935E-01   2.388488E+01   0.000000E+00   0.000000E+00   0.000000E+00
      3127574   3.517095336914E+02   1.288435757160E-01   2.195625E+01   0.000000E+00   0.000000E+00   0.000000E+00
      3127570   3.516989135742E+02   1.330834925175E-01   2.303301E+01   0.000000E+00   0.000000E+00   0.000000E+00
      3120901   3.517026977539E+02   6.211654469371E-02   2.349376E+01   0.000000E+00   0.000000E+00   0.000000E+00
      3120902   3.517201538086E+02   6.098626181483E-02   2.356613E+01   0.000000E+00   0.000000E+00   0.000000E+00
      3127478   3.517029418945E+02   1.300139427185E-01   2.391124E+01   0.000000E+00   0.000000E+00   0.000000E+00
      3120906   3.517153320312E+02   5.853134021163E-02   2.294228E+01   0.000000E+00   0.000000E+00   0.000000E+00
      3127410   3.517013854980E+02   1.187727674842E-01   2.381557E+01   0.000000E+00   0.000000E+00   0.000000E+00
      3114291   3.517062377930E+02   1.739637926221E-02   2.242885E+01   0.000000E+00   3.155276E+00   8.523705E+00
      3114102   3.516994323730E+02   1.927604153752E-02   2.393259E+01   0.000000E+00   2.607457E+00   3.103930E+00
      3114222   3.517139282227E+02   2.084998972714E-02   2.351304E+01   0.000000E+00   2.466688E+00   2.573989E+00
      3114122   3.517078552246E+02   2.235184237361E-02   2.328157E+01   0.000000E+00   4.114394E+00   2.432509E+00
      3114470   3.516981201172E+02   2.493194304407E-02   2.410138E+01   0.000000E+00   2.772020E+00   4.652024E+00
      3114405   3.517206420898E+02   2.651669643819E-02   2.346570E+01  -1.877889E+01   2.966588E+00   2.482939E+00
      3114980   3.516723327637E+02   2.830139361322E-02   2.362482E+01  -3.000000E+01   4.712127E+00   2.808108E+00
      3114920   3.516929321289E+02   3.093872405589E-02   2.245663E+01   0.000000E+00   4.236201E+00   4.349198E+00
      3114458   3.517123413086E+02   3.343757987022E-02   2.294373E+01   0.000000E+00   2.683716E+00   4.330861E+00
      3114457   3.517163391113E+02   3.522600978613E-02   2.247727E+01   0.000000E+00   1.465580E+00   3.271675E+00
      3114454   3.517199707031E+02   3.617480769753E-02   2.265042E+01   0.000000E+00   4.536347E+00   1.465580E+00
      3114450   3.517040100098E+02   3.871431946754E-02   2.269642E+01   0.000000E+00   2.572117E+00   4.037131E+00
      3114448   3.516998901367E+02   4.016289114952E-02   2.407493E+01   0.000000E+00   2.775830E+00   2.118396E+00
      3114445   3.517038879395E+02   4.181271791458E-02   2.344758E+01   0.000000E+00   4.876032E+00   2.684856E+00
      3114955   3.516954040527E+02   4.485914483666E-02   2.344575E+01   0.000000E+00   6.538955E+00   5.530622E+00
      3114389   3.517080383301E+02   4.840309172869E-02   2.227335E+01   0.000000E+00   2.870273E+00   5.804780E+00
      3114387   3.517124328613E+02   5.020377784967E-02   2.301190E+01   0.000000E+00   2.036025E+00   3.143910E+00
      3114948   3.516962890625E+02   5.158215016127E-02   2.341900E+01   3.000000E+01   3.417223E+00   2.299432E+00
      3114901   3.516926879883E+02   5.359385162592E-02   2.290493E+01   0.000000E+00   4.917186E+00   3.286512E+00
      3120908   3.517115783691E+02   5.630506947637E-02   2.306499E+01   0.000000E+00   2.216802E+00   4.509053E+00
      3120911   3.517174377441E+02   5.802200362086E-02   2.176796E+01   0.000000E+00   4.351834E+00   3.514140E+00
      3120905   3.517167968750E+02   6.031291931868E-02   2.246042E+01   7.837060E+00   3.802636E+00   3.395587E+00
      3121419   3.516968688965E+02   6.248173862696E-02   2.346622E+01   0.000000E+00   4.301861E+00   3.310920E+00
      3121456   3.516900329590E+02   6.521280854940E-02   2.290367E+01   0.000000E+00   1.426636E+00   4.940540E+00
      3121003   3.517003479004E+02   6.610972434282E-02   2.368948E+01   0.000000E+00   1.897221E+00   1.426636E+00
      3121418   3.516886596680E+02   6.748907268047E-02   2.285052E+01   0.000000E+00   3.216078E+00   2.417797E+00
      3121336   3.516938781738E+02   6.947612017393E-02   2.343232E+01  -3.000000E+01   2.854520E+00   3.501711E+00
      3120999   3.517080383301E+02   7.115443795919E-02   2.092291E+01  -3.000000E+01   6.003108E+00   2.863498E+00
      3120781   3.517003173828E+02   7.444730401039E-02   2.490292E+01   0.000000E+00   2.525747E+00   5.254659E+00
      3120994   3.517229003906E+02   7.608518004417E-02   2.329967E+01   3.356295E+00   8.114687E+00   3.142405E+00
      3121438   3.516750183105E+02   8.078590780497E-02   2.347748E+01   0.000000E+00   3.370937E+00   7.597151E+00
      3121435   3.516915588379E+02   8.264025300741E-02   2.442980E+01   0.000000E+00   2.029158E+00   3.098087E+00
      3120874   3.517204895020E+02   8.384672552347E-02   2.342673E+01   0.000000E+00   4.883462E+00   2.234987E+00
      3120453   3.517308349609E+02   8.745978027582E-02   2.156286E+01   0.000000E+00   2.323654E+00   7.757682E+00
      3120979   3.517041320801E+02   8.898700773716E-02   2.028040E+01   0.000000E+00   3.711974E+00   2.323654E+00
      3120913   3.517066040039E+02   9.085206687450E-02   2.312896E+01   0.000000E+00   3.488948E+00   2.544221E+00
      3121248   3.516669921875E+02   9.322115033865E-02   2.331990E+01  -3.000000E+01   3.703299E+00   3.723973E+00
      3121477   3.516937255859E+02   9.526307880878E-02   2.329340E+01   0.000000E+00   4.403274E+00   3.734384E+00
      3120926   3.517018737793E+02   9.801445901394E-02   2.285337E+01   8.732463E+00   3.870028E+00   5.157517E+00
      3120965   3.517104187012E+02   9.996187686920E-02   2.154262E+01   0.000000E+00   3.830510E+00   2.796751E+00
      3121317   3.516935119629E+02   1.023076400161E-01   2.278308E+01   0.000000E+00   2.110626E+00   3.790614E+00
      3121469   3.516875610352E+02   1.036567315459E-01   1.960805E+01   0.000000E+00   1.843277E+00   2.110626E+00
      3120924   3.517118225098E+02   1.046813204885E-01   2.315480E+01   0.000000E+00   7.809135E+00   1.843277E+00
      3120921   3.517145080566E+02   1.090780422091E-01   2.316982E+01   0.000000E+00   2.981698E+00   7.583321E+00
      3121412   3.516926879883E+02   1.111306697130E-01   2.347264E+01   0.000000E+00   2.694443E+00   3.455954E+00
      3127104   3.517023315430E+02   1.127049177885E-01   2.295249E+01   0.000000E+00   0.000000E+00   0.000000E+00
      3127521   3.517022705078E+02   1.132618933916E-01   2.053719E+01  -6.254599E+00   2.345871E+00   4.699265E+00
      3127628   3.516747436523E+02   1.149020865560E-01   2.354595E+01   0.000000E+00   3.290375E+00   2.345871E+00
      3127592   3.517025451660E+02   1.166673079133E-01   2.277525E+01   3.000000E+01   2.776979E+00   3.290375E+00
      3128137   3.516954345703E+02   1.184184625745E-01   2.101899E+01   1.444024E+01   5.801689E+00   2.860380E+00
      3127584   3.517060852051E+02   1.215661093593E-01   2.301978E+01  -3.000000E+01   2.497297E+00   5.290230E+00
      3127845   3.516853332520E+02   1.230563521385E-01   2.416172E+01   3.000000E+01   2.108190E+00   1.831866E+00
      3128040   3.516854248047E+02   1.244858503342E-01   2.367229E+01   0.000000E+00   4.598677E+00   2.538386E+00
      3128119   3.516882934570E+02   1.275276988745E-01   2.033417E+01   8.257303E+00   3.397823E+00   5.933244E+00
      3127965   3.516896972656E+02   1.294768601656E-01   2.110090E+01   0.000000E+00   4.312720E+00   3.159916E+00
      3128062   3.516973876953E+02   1.315318644047E-01   2.393654E+01   0.000000E+00   1.855716E+00   2.806939E+00
      3127571   3.517020874023E+02   1.328215301037E-01   2.225817E+01   0.000000E+00   1.847015E+00   2.417386E+00
      3127511   3.517086486816E+02   1.339813172817E-01   2.041325E+01   0.000000E+00   1.500000E+00   1.500000E+00
      3128059   3.516855163574E+02   1.366487145424E-01   2.073230E+01   0.000000E+00   2.237672E+00   6.446533E+00
      3127560   3.517185058594E+02   1.380151510239E-01   2.449140E+01   0.000000E+00   1.898483E+00   3.091277E+00
      3128107   3.516929321289E+02   1.393954008818E-01   2.175438E+01   3.000000E+01   1.434097E+00   1.898483E+00
      3127559   3.517095031738E+02   1.402000784874E-01   2.285892E+01   3.000000E+01   7.419397E+00   1.434097E+00
      3128101   3.516684570312E+02   1.448843628168E-01   2.211588E+01   0.000000E+00   2.488751E+00   7.583563E+00
      3127506   3.517159423828E+02   1.460535973310E-01   2.258888E+01   0.000000E+00   3.361077E+00   2.779101E+00
      3127430   3.517031860352E+02   1.480479091406E-01   2.395025E+01   0.000000E+00   2.913208E-01   2.986885E+00
