# OBJNO  RA    DEC     MAGR   SLITPA    TOPDIST    BOTDIST
#  J    E      E      E      E      E      E
 5747 2.141458E+02 5.202030E+01 2.388775E+01  0.000000 1.585788 1.954132
 5865 2.141453E+02 5.201908E+01 2.374357E+01  0.000000 2.137336 .6665039
 6129 2.141082E+02 5.202226E+01 2.362749E+01  0.000000 4.089600 1.995331
 6132 2.141467E+02 5.202102E+01 2.235167E+01  0.000000 1.995331 1.651004
12424 2.141910E+02 5.206179E+01 2.344863E+01  0.000000 2.482849 1.686340
12736 2.141701E+02 5.204234E+01 2.396136E+01  0.000000 2.963501 1.686340
12758 2.141299E+02 5.206440E+01 2.247425E+01  0.000000 4.206329 1.713806
12776 2.141740E+02 5.205030E+01 2.454556E+01  22.16394 4.371124 2.345520
12779 2.141656E+02 5.204767E+01 2.383836E+01  0.000000 1.892334 2.771240
12803 2.141703E+02 5.203172E+01 2.398793E+01 -30.00000 2.936035 2.290588
12833 2.141584E+02 5.207846E+01 2.369333E+01  0.000000 2.125793 2.530914
12836 2.141007E+02 5.207570E+01 2.418633E+01  0.000000 1.940399 3.801208
12838 2.141199E+02 5.207345E+01 2.392487E+01  0.000000 3.801208 2.084595
12870 2.141202E+02 5.202822E+01 2.408562E+01  0.000000 3.519684 3.306824
12873 2.141816E+02 5.202624E+01 2.332068E+01  30.00000 3.306824 2.572113
12874 2.141472E+02 5.202467E+01 2.255457E+01  0.000000 2.572113 4.089600
12888 2.141751E+02 5.207215E+01 2.297298E+01  0.000000 2.084595 1.529501
12893 2.141447E+02 5.206805E+01 2.375753E+01  0.000000 2.592712 1.858002
12906 2.141315E+02 5.205830E+01 2.375756E+01  0.000000 4.089600 2.057129
12911 2.141279E+02 5.205287E+01 2.377157E+01  0.000000 3.512817 4.371124
12964 2.141298E+02 5.205702E+01 2.209620E+01  0.000000 2.057129 3.457886
12987 2.141391E+02 5.207978E+01 2.243628E+01  0.000000 11.73196 2.125793
12991 2.141186E+02 5.207692E+01 2.280639E+01  0.000000 2.530914 1.940399
13006 2.141766E+02 5.206688E+01 2.321471E+01  0.000000 1.858002 4.206329
13010 2.141334E+02 5.206071E+01 2.294123E+01 -30.00000 1.686340 4.089600
13017 2.141558E+02 5.205496E+01 2.245236E+01 -30.00000 3.457886 3.512817
13036 2.141236E+02 5.204413E+01 2.264388E+01  0.000000 3.107697 2.963501
13038 2.141449E+02 5.204127E+01 2.356197E+01  0.000000 1.686340 5.153900
13042 2.141373E+02 5.203523E+01 2.357931E+01  0.000000 5.208832 2.881104
13046 2.141580E+02 5.203349E+01 2.269217E+01  0.000000 2.881104 2.936035
13070 2.141126E+02 5.206331E+01 2.212193E+01  0.000000 1.713806 2.482849
13084 2.141402E+02 5.203827E+01 2.218486E+01  0.000000 5.153900 5.208832
13086 2.141433E+02 5.203031E+01 2.265495E+01  0.000000 2.290588 3.519684
13103 2.141155E+02 5.207094E+01 2.280357E+01  28.40226 -0.9288330 2.112061
13104 2.141210E+02 5.206963E+01 2.326815E+01 -0.5322852 2.112061 2.592712
13137 2.141251E+02 5.204886E+01 2.224273E+01  0.000000 2.345520 1.892334
13140 2.141491E+02 5.204599E+01 2.313062E+01  0.000000 2.771240 3.107697
19381 2.141936E+02 5.212001E+01 2.339239E+01  0.000000 2.372986 2.297455
19412 2.141882E+02 5.212625E+01 2.386578E+01 -30.00000 2.421051 3.245026
19649 2.141168E+02 5.213470E+01 2.423271E+01 -30.00000 5.854279 1.809937
19692 2.141450E+02 5.213356E+01 2.456377E+01  0.000000 1.809937 3.128296
19797 2.141606E+02 5.212431E+01 2.391088E+01 -11.19399 3.245026 4.858643
19808 2.141606E+02 5.210793E+01 2.321412E+01  0.000000 4.000336 1.294952
19881 2.141475E+02 5.210479E+01 2.311483E+01  22.01737 3.863007 2.354140
19897 2.141501E+02 5.209657E+01 2.415935E+01  7.253774 4.480988 6.362396
19922 2.141416E+02 5.211746E+01 2.449122E+01  18.51975 1.789337 4.879242
19971 2.141563E+02 5.208850E+01 2.426780E+01 -16.33634 2.434784 3.457886
19973 2.141292E+02 5.208644E+01 2.367723E+01  0.000000 3.457886 11.73196
20007 2.141306E+02 5.211029E+01 2.387223E+01  0.000000 2.606445 4.000336
20013 2.141398E+02 5.210214E+01 2.290826E+01  0.000000 2.153259 5.044037
20037 2.141586E+02 5.211188E+01 2.318120E+01 -30.00000 4.673248 2.606445
20044 2.141243E+02 5.212773E+01 2.154877E+01  0.000000 2.778107 2.421051
20059 2.141652E+02 5.210347E+01 2.324081E+01  0.000000 2.112061 2.153259
20063 2.141460E+02 5.209290E+01 2.317397E+01  0.000000 6.362396 2.688843
20065 2.141612E+02 5.208999E+01 2.124794E+01  0.000000 2.622080 2.622080
20077 2.141625E+02 5.213168E+01 2.348746E+01  0.000000 3.128296 3.828674
20082 2.141379E+02 5.212941E+01 2.293871E+01  0.000000 3.828674 2.778107
20091 2.141664E+02 5.212147E+01 2.244494E+01  0.000000 4.858643 2.372986
20096 2.141636E+02 5.211860E+01 2.241604E+01  .8043088 2.885965 2.885965
20103 2.141545E+02 5.211461E+01 2.252763E+01  0.000000 4.879242 4.673248
20110 2.141229E+02 5.210707E+01 2.212053E+01 -10.63658 3.188966 3.863007
20124 2.141512E+02 5.209920E+01 2.195641E+01  0.000000 5.044037 4.480988
20136 2.141554E+02 5.209126E+01 2.290857E+01  0.000000 2.688843 2.043396
26168 2.141903E+02 5.214144E+01 2.300129E+01  0.000000 5.758148 3.780609
26378 2.141908E+02 5.218558E+01 2.420221E+01  0.000000 1.741272 1.755005
26384 2.141976E+02 5.217840E+01 2.365807E+01  0.000000 2.441650 2.331787
26453 2.141922E+02 5.218266E+01 2.347177E+01  0.000000 3.004700 3.231293
26585 2.141282E+02 5.218734E+01 2.417499E+01 -19.10930 1.720673 1.366977
26664 2.141259E+02 5.215015E+01 2.373700E+01  0.000000 6.602722 3.272491
26688 2.141163E+02 5.218072E+01 2.313759E+01 -35.76450 3.231293 1.240021
26710 2.141371E+02 5.216652E+01 2.285936E+01  0.000000 3.039032 4.432922
26762 2.141321E+02 5.219100E+01 2.392370E+01  30.00000 7.838684 2.647644
26821 2.141295E+02 5.218843E+01 2.372039E+01  0.000000 1.480347 1.720673
26829 2.141538E+02 5.218446E+01 2.392668E+01  0.000000 1.755005 3.004700
26852 2.141538E+02 5.217514E+01 2.330598E+01  0.000000 3.039032 2.853638
26887 2.141644E+02 5.214701E+01 2.371476E+01  30.00000 1.892334 3.766876
26900 2.141695E+02 5.213920E+01 2.442598E+01  0.000000 3.780609 1.741272
26933 2.141376E+02 5.215396E+01 2.365721E+01  0.000000 2.640778 6.602722
26935 2.141579E+02 5.214820E+01 2.256886E+01  0.000000 3.272491 1.892334
26943 2.141711E+02 5.213809E+01 2.416721E+01  0.000000 1.741272 5.854279
26966 2.141331E+02 5.217696E+01 2.367771E+01  0.000000 2.331787 3.039032
26978 2.141167E+02 5.217090E+01 2.243934E+01  0.000000 4.274994 4.350525
27017 2.141324E+02 5.214478E+01 2.284742E+01 -2.151522 3.766876 5.758148
27031 2.141328E+02 5.217341E+01 2.276340E+01  15.45908 2.853638 4.274994
27053 2.141484E+02 5.216834E+01 2.261585E+01 -9.290129 4.350525 3.039032
27058 2.141382E+02 5.215707E+01 2.354357E+01  30.00000 8.607727 2.448517
27075 2.141240E+02 5.218939E+01 2.312302E+01  0.000000 2.647644 1.480347
27078 2.141284E+02 5.218668E+01 2.272770E+01 -19.10930 2.576833 2.576833
27091 2.141171E+02 5.217989E+01 2.311217E+01 -35.76450 1.520903 2.441650
27109 2.141575E+02 5.216391E+01 2.255982E+01 -30.00000 4.432922 3.217560
27111 2.141404E+02 5.216199E+01 2.325781E+01  0.000000 3.217560 8.607727
27118 2.141553E+02 5.215557E+01 2.406207E+01  0.000000 2.448517 2.640778
33323 2.141953E+02 5.220318E+01 2.502854E+01  0.000000 1.782471 2.015930
33644 2.141871E+02 5.223676E+01 2.392278E+01  0.000000 1.768738 2.984100
33727 2.141359E+02 5.223953E+01 2.378429E+01  0.000000 1.471825 2.716309
33745 2.141290E+02 5.222303E+01 2.398429E+01  0.000000 -0.3383179 7.667023
33761 2.141359E+02 5.224001E+01 2.339934E+01  0.000000 4.412323 1.599135
33787 2.141385E+02 5.221097E+01 2.394916E+01  0.000000 .9567468 1.755005
33910 2.140972E+02 5.222636E+01 2.284506E+01 -2.066380 4.666382 2.283722
33970 2.141476E+02 5.221436E+01 2.398578E+01  0.000000 1.981598 2.524048
33974 2.141434E+02 5.224973E+01 2.313672E+01  0.000000 8.388000 1.885468
34023 2.141475E+02 5.220986E+01 2.367780E+01  0.000000 1.755005 3.574615
34095 2.141489E+02 5.221560E+01 2.344477E+01  0.000000 1.960999 1.981598
34104 2.141363E+02 5.220645E+01 2.362089E+01  0.000000 2.057129 3.608948
34116 2.141442E+02 5.220036E+01 2.430024E+01  0.000000 2.565247 6.410461
34150 2.141207E+02 5.223080E+01 2.422337E+01 -30.00000 2.386719 2.826172
34188 2.141492E+02 5.224750E+01 2.459014E+01  0.000000 1.617676 2.318054
34189 2.141106E+02 5.224607E+01 2.306705E+01  0.000000 2.318054 1.679474
34192 2.141147E+02 5.224500E+01 2.337493E+01  0.000000 1.679474 4.082733
34198 2.141216E+02 5.224260E+01 2.423704E+01  0.000000 4.082733 4.412323
34210 2.141393E+02 5.223497E+01 2.264327E+01  0.000000 2.984100 4.604584
34236 2.141394E+02 5.221157E+01 2.309079E+01  0.000000 1.981598 1.210913
34253 2.141507E+02 5.219666E+01 2.336741E+01  0.000000 6.410461 1.837402
34257 2.141582E+02 5.219550E+01 2.357946E+01  30.00000 1.837402 7.838684
34275 2.141809E+02 5.222496E+01 2.269615E+01  0.000000 2.283722 2.050262
34276 2.141284E+02 5.222368E+01 2.247882E+01  0.000000 2.050262 1.246099
34279 2.141641E+02 5.221863E+01 2.350727E+01  0.000000 7.667023 3.004700
34281 2.141162E+02 5.221682E+01 2.413360E+01  30.00000 3.004700 1.960999
34283 2.141146E+02 5.221281E+01 2.248236E+01  0.000000 2.524048 1.981598
34286 2.141177E+02 5.220431E+01 2.261400E+01  0.000000 3.608948 1.782471
34297 2.141452E+02 5.224854E+01 2.251100E+01  0.000000 1.885468 1.617676
34316 2.141814E+02 5.223788E+01 2.373085E+01  0.000000 2.716309 1.768738
34323 2.141511E+02 5.223227E+01 2.292906E+01  30.00000 4.604584 2.386719
34332 2.141510E+02 5.222910E+01 2.402487E+01  0.000000 2.826172 4.666382
34357 2.141183E+02 5.220773E+01 2.292381E+01  0.000000 3.574615 2.057129
34366 2.141564E+02 5.220192E+01 2.361139E+01  30.00000 2.015930 2.565247
40649 2.141906E+02 5.226061E+01 2.290348E+01  0.000000 1.954132 1.631409
41028 2.141863E+02 5.227711E+01 2.241400E+01  0.000000 2.366119 2.256256
41412 2.141085E+02 5.228556E+01 2.349902E+01  0.000000 7.324219E-03 3.629547
41419 2.141074E+02 5.228206E+01 2.314516E+01  0.000000 2.160126 2.688843
41468 2.141423E+02 5.225452E+01 2.424589E+01  0.000000 3.217560 8.388000
41559 2.141278E+02 5.228043E+01 2.280263E+01  0.000000 2.688843 3.107697
41564 2.141136E+02 5.227572E+01 2.373088E+01  0.000000 2.256256 1.940399
41575 2.141799E+02 5.226850E+01 2.325900E+01  0.000000 1.665741 2.221924
41591 2.141203E+02 5.225645E+01 2.297036E+01  30.00000 5.353027 3.217560
41616 2.141113E+02 5.227856E+01 2.284485E+01  0.000000 3.107697 2.366119
41618 2.141548E+02 5.227290E+01 2.230295E+01 -13.99648 3.163986 3.416687
41620 2.141089E+02 5.226712E+01 2.218354E+01  0.000000 2.504044 2.504044
41621 2.141555E+02 5.226590E+01 2.289064E+01  0.000000 1.954132 5.462891
41626 2.141477E+02 5.226183E+01 2.303022E+01  0.000000 1.356750 1.954132
41665 2.141323E+02 5.228340E+01 2.236960E+01  0.000000 3.629547 2.160126
41680 2.141080E+02 5.227450E+01 2.239671E+01  0.000000 1.940399 2.627045
41686 2.141476E+02 5.227087E+01 2.170531E+01  0.000000 3.416687 2.098328
41687 2.141552E+02 5.226956E+01 2.199786E+01  0.000000 2.098328 1.704462
41696 2.141166E+02 5.226273E+01 2.346275E+01  0.000000 5.462891 1.752970
41705 2.141207E+02 5.225956E+01 2.229349E+01  0.000000 1.631409 5.353027
13099 2.141377E+02 5.207124E+01 2.096685E+01  0.000000 1.500000 1.500000
34340 2.141161E+02 5.222349E+01 2.152264E+01  0.000000 1.500000 1.500000
